16 7 10 8
2 3 5 1
14 9 13 6
11 12 4 15

5 14 9 16
7 13 4 15
12 10 6 1
2 3 8 11

16 2 8 11
9 5 13 7
15 1 4 10
3 14 6 12

2 16 7 10
5 15 13 6
11 12 14 8
4 9 1 3

1 2 16 8
6 7 11 3
5 10 14 4
9 13 15 12

1 2 3 4
5 6 7 8
9 16 10 11
13 14 15 12

15 14 8 12
10 11 9 13
2 6 4 1
3 7 5 16

2 16 7 10
5 15 13 6
11 12 14 8
4 9 1 3

6 13 3 8
1 10 7 4
9 14 16 2
5 12 11 15

13 2 10 3
1 12 8 4
5 16 9 6
15 14 11 7

16 5 2 3
4 1 6 7
8 9 10 11
12 13 14 15

16 1 2 3
4 5 6 7
8 9 10 11
12 13 14 15

3 9 1 15
14 11 4 6
13 16 10 12
2 7 8 5

6 13 7 10
8 9 11 16
15 2 12 5
14 3 1 4

15 12 14 13
11 6 10 9
8 7 5 2
4 3 1 16

13 2 10 3
1 12 8 4
5 16 9 6
15 14 11 7

13 2 10 3
1 12 8 4
5 16 9 6
15 14 11 7